0.0063991546630859375
0.0016131401062011719
0.005238533020019531
0.00542140007019043
0.005460262298583984
0.0025691986083984375
0.009617805480957031
0.011993169784545898
0.002000570297241211
0.00087738037109375
0.0037436485290527344
0.0020380020141601562
0.006579875946044922
0.002553701400756836
0.0011706352233886719
0.00040149688720703125
0.011627674102783203
0.007307529449462891
0.001547098159790039
0.0034584999084472656
0.0002086162567138672
0.00018858909606933594
7.05718994140625e-05
0.0001990795135498047
0.00013446807861328125
0.0002353191375732422
0.0001366138458251953
0.00012087821960449219
7.295608520507812e-05
8.296966552734375e-05
7.987022399902344e-05
0.00014257431030273438
0.00013494491577148438
0.00013899803161621094
0.00014495849609375
6.556510925292969e-05
6.365776062011719e-05
0.00011992454528808594
7.82012939453125e-05
6.651878356933594e-05
0.0001614093780517578
7.82012939453125e-05
7.653236389160156e-05
0.00014519691467285156
0.00013136863708496094
0.00016832351684570312
0.000213623046875
0.0001442432403564453
0.00014400482177734375
7.677078247070312e-05
0.00015354156494140625
0.00014448165893554688
0.0001418590545654297
0.00010848045349121094
7.772445678710938e-05
6.961822509765625e-05
7.390975952148438e-05
7.367134094238281e-05
7.128715515136719e-05
0.0001049041748046875
