0.0005457401275634766
0.0002918243408203125
0.00014352798461914062
0.00016450881958007812
0.0006325244903564453
0.0003185272216796875
0.0001475811004638672
0.00016045570373535156
0.00012826919555664062
0.00013637542724609375
0.00014519691467285156
0.0006458759307861328
0.0002579689025878906
0.00027823448181152344
0.0001373291015625
0.00013947486877441406
0.00013828277587890625
0.00026869773864746094
0.0003120899200439453
0.0002636909484863281
4.553794860839844e-05
7.343292236328125e-05
3.790855407714844e-05
3.886222839355469e-05
3.933906555175781e-05
3.981590270996094e-05
6.532669067382812e-05
3.528594970703125e-05
3.62396240234375e-05
3.552436828613281e-05
5.793571472167969e-05
4.076957702636719e-05
3.528594970703125e-05
3.6716461181640625e-05
6.103515625e-05
4.7206878662109375e-05
0.0001404285430908203
7.176399230957031e-05
0.00011563301086425781
7.104873657226562e-05
4.9591064453125e-05
7.510185241699219e-05
4.1961669921875e-05
7.462501525878906e-05
4.100799560546875e-05
4.100799560546875e-05
8.0108642578125e-05
7.486343383789062e-05
7.510185241699219e-05
7.414817810058594e-05
4.6253204345703125e-05
9.107589721679688e-05
4.124641418457031e-05
4.076957702636719e-05
4.1484832763671875e-05
4.839897155761719e-05
4.1484832763671875e-05
4.863739013671875e-05
4.839897155761719e-05
8.893013000488281e-05
