0.055345773696899414
0.26677465438842773
0.17615437507629395
0.015533924102783203
0.16202902793884277
0.024681806564331055
0.10485529899597168
0.01001119613647461
0.07607793807983398
0.05219125747680664
0.014392852783203125
0.07391691207885742
0.02538156509399414
0.19198942184448242
0.10105466842651367
0.21339654922485352
0.07642912864685059
0.1610095500946045
0.10106682777404785
0.007817745208740234
0.0002734661102294922
0.00012826919555664062
0.000232696533203125
0.00011897087097167969
0.00022745132446289062
0.00020885467529296875
0.00012159347534179688
0.0002384185791015625
0.0002694129943847656
0.0002429485321044922
0.0003883838653564453
0.0003020763397216797
0.0001251697540283203
0.00023293495178222656
0.0002532005310058594
0.00024318695068359375
0.0002827644348144531
0.0004780292510986328
0.00025272369384765625
0.0002727508544921875
0.0002689361572265625
0.000263214111328125
0.00027370452880859375
0.00013256072998046875
0.0001392364501953125
0.00013184547424316406
0.00019407272338867188
0.0001316070556640625
0.0004024505615234375
0.00012969970703125
0.000118255615234375
0.00011038780212402344
0.0002560615539550781
0.00023102760314941406
0.0003273487091064453
0.00010657310485839844
0.0003311634063720703
0.0001068115234375
0.0003757476806640625
0.0002503395080566406
