1.5243606567382812
2.3992629051208496
1.8913874626159668
1.9065113067626953
4.796842575073242
3.411696195602417
0.7058629989624023
2.6143088340759277
1.2075347900390625
0.14145636558532715
2.789316177368164
2.1771817207336426
2.243818998336792
9.447712421417236
13.088721990585327
1.114642858505249
2.0760316848754883
0.5695676803588867
4.2013468742370605
1.4658105373382568
0.0003275871276855469
0.0002942085266113281
0.0009388923645019531
0.001087188720703125
0.0003726482391357422
0.0006327629089355469
0.00032138824462890625
0.0009312629699707031
0.0006418228149414062
0.0008575916290283203
0.0008404254913330078
0.000606536865234375
0.0005908012390136719
0.000865936279296875
0.0007040500640869141
0.00031280517578125
0.0009534358978271484
0.0011775493621826172
0.002385854721069336
0.0002925395965576172
0.001203775405883789
0.0009505748748779297
0.0005953311920166016
0.0005559921264648438
0.000278472900390625
0.0008180141448974609
0.0011963844299316406
0.0008361339569091797
0.0010802745819091797
0.0005774497985839844
0.0002677440643310547
0.0005388259887695312
0.0008475780487060547
0.0008099079132080078
0.0006299018859863281
0.00124359130859375
0.0005693435668945312
0.0008752346038818359
0.0013496875762939453
0.0005707740783691406
