0.34394145011901855
0.44861388206481934
2.320448637008667
1.2960495948791504
1.8699581623077393
0.6191763877868652
1.4313147068023682
0.18425464630126953
0.9720814228057861
0.40601301193237305
2.8154351711273193
1.884500503540039
0.20672297477722168
2.147458791732788
0.4718751907348633
0.4072456359863281
1.7419226169586182
0.8494007587432861
0.15314579010009766
0.6432273387908936
0.0011739730834960938
0.000644683837890625
0.0005736351013183594
0.0005843639373779297
0.0003609657287597656
0.0006198883056640625
0.0005581378936767578
0.0014231204986572266
0.0009148120880126953
0.0009882450103759766
0.001653432846069336
0.0009562969207763672
0.0006508827209472656
0.0005247592926025391
0.0006213188171386719
0.0009019374847412109
0.0008985996246337891
0.0005965232849121094
0.0005366802215576172
0.0005848407745361328
0.00077056884765625
0.0007662773132324219
0.0008342266082763672
0.0005280971527099609
0.0007848739624023438
0.0005102157592773438
0.0005345344543457031
0.0006327629089355469
0.00024366378784179688
0.0005729198455810547
0.0005698204040527344
0.0005567073822021484
0.0008585453033447266
0.0005741119384765625
0.0007877349853515625
0.0009450912475585938
0.0008122920989990234
0.0005824565887451172
0.0003066062927246094
0.0008318424224853516
