0.15709471702575684
0.12987732887268066
0.35497617721557617
0.1526341438293457
0.5622007846832275
0.1850595474243164
0.0988304615020752
0.2725701332092285
0.3576951026916504
0.11620545387268066
0.10683417320251465
0.0035467147827148438
0.05022835731506348
0.013597249984741211
0.4512922763824463
0.30384016036987305
0.312347412109375
0.18779373168945312
0.4269125461578369
0.17043209075927734
0.0003476142883300781
0.0004639625549316406
0.0003666877746582031
0.00045418739318847656
0.0004761219024658203
0.000545501708984375
0.00015997886657714844
0.0003323554992675781
0.00016927719116210938
0.00016355514526367188
0.0003323554992675781
0.0003113746643066406
0.00017213821411132812
0.0002880096435546875
0.00017952919006347656
0.00017070770263671875
0.00034165382385253906
0.0003859996795654297
0.0002779960632324219
0.0006196498870849609
0.00030231475830078125
0.00026702880859375
0.00035190582275390625
0.00037598609924316406
0.0005602836608886719
0.0004363059997558594
0.0004940032958984375
0.0005233287811279297
0.00014781951904296875
0.0005385875701904297
0.0003437995910644531
0.0003209114074707031
0.000270843505859375
0.00029206275939941406
0.00028324127197265625
0.00031757354736328125
0.00017070770263671875
0.00029468536376953125
0.0005865097045898438
0.00027060508728027344
