0.0688483715057373
0.75307297706604
0.027468442916870117
0.19150233268737793
0.9373574256896973
1.0255224704742432
0.1106874942779541
0.09803128242492676
1.351440191268921
0.07147622108459473
1.132023811340332
1.676619052886963
0.08823275566101074
0.5231025218963623
0.36481690406799316
0.604090690612793
0.03765249252319336
0.2090165615081787
0.026029586791992188
0.9537830352783203
0.0006840229034423828
0.0007505416870117188
0.00095367431640625
0.0006735324859619141
0.0006711483001708984
0.0007092952728271484
0.0007114410400390625
0.0007202625274658203
0.0007116794586181641
0.000370025634765625
0.0007119178771972656
0.0003185272216796875
0.0006465911865234375
0.0003306865692138672
0.0005917549133300781
0.000629425048828125
0.0003826618194580078
0.0003483295440673828
0.0007143020629882812
0.000209808349609375
0.0004935264587402344
0.00031566619873046875
0.0006518363952636719
0.0002601146697998047
0.000720977783203125
0.000591278076171875
0.0005543231964111328
0.0005383491516113281
0.00045943260192871094
0.0004241466522216797
0.0005331039428710938
0.000431060791015625
0.00043392181396484375
0.0004515647888183594
0.001218557357788086
0.0003223419189453125
0.0007297992706298828
0.00036835670471191406
0.0007224082946777344
0.00017952919006347656
