0.643467903137207
1.9726390838623047
4.8850483894348145
0.8473803997039795
2.1375486850738525
3.2595767974853516
2.219966173171997
2.41107439994812
0.22817564010620117
0.4228496551513672
4.182641506195068
4.154677152633667
7.316617965698242
3.002016544342041
3.129613161087036
1.9035022258758545
6.317232608795166
4.115283966064453
4.0601420402526855
0.24472832679748535
0.0006167888641357422
0.0006477832794189453
0.0006508827209472656
0.0006341934204101562
0.0003361701965332031
0.00029540061950683594
0.0006945133209228516
0.0006487369537353516
0.0016133785247802734
0.0011761188507080078
0.001245260238647461
0.0014243125915527344
0.0006575584411621094
0.0003006458282470703
0.0006642341613769531
0.0009076595306396484
0.0006508827209472656
0.0003254413604736328
0.0003807544708251953
0.0007967948913574219
0.0006868839263916016
0.0006687641143798828
0.0010457038879394531
0.0010063648223876953
0.0007135868072509766
0.0007007122039794922
0.0008261203765869141
0.0015192031860351562
0.0013096332550048828
0.0006363391876220703
0.0005967617034912109
0.0009698867797851562
0.001191854476928711
0.0006539821624755859
0.0006072521209716797
0.0010259151458740234
0.0008983612060546875
0.0006420612335205078
0.0009377002716064453
0.0003592967987060547
