0.04480099678039551
0.05786538124084473
0.025992155075073242
0.010587453842163086
0.006354808807373047
0.041315555572509766
0.010670900344848633
0.003520488739013672
0.016656160354614258
0.04204201698303223
0.04227447509765625
0.110321044921875
0.06360697746276855
0.0950169563293457
0.06604862213134766
0.01949167251586914
0.020810604095458984
0.03714585304260254
0.01657271385192871
0.02488231658935547
0.00019669532775878906
0.00019431114196777344
0.0001697540283203125
0.0001678466796875
0.0001666545867919922
0.00024056434631347656
0.0001780986785888672
0.00021982192993164062
0.000263214111328125
9.226799011230469e-05
9.5367431640625e-05
0.00020956993103027344
0.00018525123596191406
8.869171142578125e-05
0.00019168853759765625
0.0001728534698486328
9.822845458984375e-05
0.00017905235290527344
9.894371032714844e-05
0.00017499923706054688
0.00020551681518554688
0.00018858909606933594
0.00010275840759277344
0.00019931793212890625
0.00021314620971679688
9.965896606445312e-05
0.00010132789611816406
0.00019741058349609375
0.00020360946655273438
0.00019359588623046875
0.0004019737243652344
0.00019073486328125
0.00010013580322265625
0.00010037422180175781
0.0001049041748046875
0.00010895729064941406
0.0001983642578125
0.00020766258239746094
9.870529174804688e-05
0.00019669532775878906
