2.8641598224639893
0.12195825576782227
0.056075334548950195
2.0950047969818115
1.5477409362792969
1.6488475799560547
1.1798267364501953
1.4114227294921875
1.5572874546051025
1.8020477294921875
0.2171154022216797
0.5390894412994385
0.7748682498931885
1.469101905822754
1.0380113124847412
1.4996790885925293
0.1887195110321045
0.1311168670654297
1.0214312076568604
0.23468422889709473
0.0008544921875
0.00028324127197265625
0.00042510032653808594
0.0001957416534423828
0.0002219676971435547
0.00021886825561523438
0.0006809234619140625
0.0004012584686279297
0.00041413307189941406
0.0004324913024902344
0.00022172927856445312
0.00045609474182128906
0.0006229877471923828
0.0003731250762939453
0.00045680999755859375
0.0006077289581298828
0.0004303455352783203
0.00046753883361816406
0.00020551681518554688
0.00045013427734375
0.0001976490020751953
0.00040149688720703125
0.000202178955078125
0.0004062652587890625
0.0008654594421386719
0.00020885467529296875
0.00021505355834960938
0.0004277229309082031
0.00021791458129882812
0.0004668235778808594
0.0004489421844482422
0.0006587505340576172
0.0004525184631347656
0.00023698806762695312
0.0004153251647949219
0.00043201446533203125
0.00040411949157714844
0.0006535053253173828
0.0006766319274902344
0.000469207763671875
