0.7592160701751709
1.7356135845184326
0.11755180358886719
0.2898824214935303
0.22942495346069336
0.2665107250213623
0.24670004844665527
2.4468438625335693
0.28931498527526855
0.9506213665008545
0.701319694519043
1.752685546875
0.3086893558502197
2.1179440021514893
0.13488078117370605
1.1840159893035889
1.0302186012268066
1.2694940567016602
1.5288548469543457
0.5954012870788574
0.0007617473602294922
0.0005552768707275391
0.0005464553833007812
0.00043272972106933594
0.0011277198791503906
0.00048065185546875
0.0009527206420898438
0.0004165172576904297
0.0012967586517333984
0.0003952980041503906
0.0007877349853515625
0.0006880760192871094
0.00047516822814941406
0.0005278587341308594
0.0005640983581542969
0.0007166862487792969
0.0006976127624511719
0.0005595684051513672
0.00028228759765625
0.00024199485778808594
0.0002281665802001953
0.0007977485656738281
0.0004360675811767578
0.0005166530609130859
0.0004947185516357422
0.0005383491516113281
0.0006911754608154297
0.0007288455963134766
0.00044155120849609375
0.00043392181396484375
0.0005221366882324219
0.0007140636444091797
0.0004544258117675781
0.00046515464782714844
0.0002455711364746094
0.0006375312805175781
0.0004749298095703125
0.0004570484161376953
0.000553131103515625
0.00054931640625
